2351
199.650000 100.000000 0.000000
199.300000 100.000000 0.000000
198.950000 100.000000 0.000000
198.600000 100.000000 0.000000
198.250000 100.000000 0.000000
197.900000 100.000000 0.000000
197.550000 100.000000 0.000000
197.200000 100.000000 0.000000
196.850000 100.000000 0.000000
196.500000 100.000000 0.000000
196.150000 100.000000 0.000000
195.800000 100.000000 0.000000
195.450000 100.000000 0.000000
195.100000 100.000000 0.000000
194.750000 100.000000 0.000000
194.400000 100.000000 0.000000
194.050000 100.000000 0.000000
193.700000 100.000000 0.000000
193.350000 100.000000 0.000000
193.000000 100.000000 0.000000
192.650000 100.000000 0.000000
192.300000 100.000000 0.000000
191.950000 100.000000 0.000000
191.600000 100.000000 0.000000
191.250000 100.000000 0.000000
190.900000 100.000000 0.000000
190.550000 100.000000 0.000000
190.200000 100.000000 0.000000
189.850000 100.000000 0.000000
189.500000 100.000000 0.000000
189.150000 100.000000 0.000000
188.800000 100.000000 0.000000
188.450000 100.000000 0.000000
188.100000 100.000000 0.000000
187.750000 100.000000 0.000000
187.400000 100.000000 0.000000
187.050000 100.000000 0.000000
186.700000 100.000000 0.000000
186.350000 100.000000 0.000000
186.000000 100.000000 0.000000
185.650000 100.000000 0.000000
185.300000 100.000000 0.000000
184.950000 100.000000 0.000000
184.600000 100.000000 0.000000
184.250000 100.000000 0.000000
183.900000 100.000000 0.000000
183.550000 100.000000 0.000000
183.200000 100.000000 0.000000
182.850000 100.000000 0.000000
182.500000 100.000000 0.000000
182.150000 100.000000 0.000000
181.800000 100.000000 0.000000
181.450000 100.000000 0.000000
181.100000 100.000000 0.000000
180.750000 100.000000 0.000000
180.400000 100.000000 0.000000
180.050000 100.000000 0.000000
179.700000 100.000000 0.000000
179.350000 100.000000 0.000000
179.000000 100.000000 0.000000
178.650000 100.000000 0.000000
178.300000 100.000000 0.000000
177.950000 100.000000 0.000000
177.600000 100.000000 0.000000
177.250000 100.000000 0.000000
176.900000 100.000000 0.000000
176.550000 100.000000 0.000000
176.200000 100.000000 0.000000
175.850000 100.000000 0.000000
175.500000 100.000000 0.000000
175.150000 100.000000 0.000000
174.800000 100.000000 0.000000
174.450000 100.000000 0.000000
174.100000 100.000000 0.000000
173.750000 100.000000 0.000000
173.400000 100.000000 0.000000
173.050000 100.000000 0.000000
172.700000 100.000000 0.000000
172.350000 100.000000 0.000000
172.000000 100.000000 0.000000
171.650000 100.000000 0.000000
171.300000 100.000000 0.000000
170.950000 100.000000 0.000000
170.600000 100.000000 0.000000
170.250000 100.000000 0.000000
169.900000 100.000000 0.000000
169.550000 100.000000 0.000000
169.200000 100.000000 0.000000
168.850000 100.000000 0.000000
168.500000 100.000000 0.000000
168.150000 100.000000 0.000000
167.800000 100.000000 0.000000
167.450000 100.000000 0.000000
167.100000 100.000000 0.000000
166.750000 100.000000 0.000000
166.400000 100.000000 0.000000
166.050000 100.000000 0.000000
165.700000 100.000000 0.000000
165.350000 100.000000 0.000000
165.000000 100.000000 0.000000
164.650000 100.000000 0.000000
164.300000 100.000000 0.000000
163.950000 100.000000 0.000000
163.600000 100.000000 0.000000
163.250000 100.000000 0.000000
162.900000 100.000000 0.000000
162.550000 100.000000 0.000000
162.200000 100.000000 0.000000
161.850000 100.000000 0.000000
161.500000 100.000000 0.000000
161.150000 100.000000 0.000000
160.800000 100.000000 0.000000
160.450000 100.000000 0.000000
160.100000 100.000000 0.000000
159.750000 100.000000 0.000000
159.400000 100.000000 0.000000
159.050000 100.000000 0.000000
158.700000 100.000000 0.000000
158.350000 100.000000 0.000000
158.000000 100.000000 0.000000
157.650000 100.000000 0.000000
157.300000 100.000000 0.000000
156.950000 100.000000 0.000000
156.600000 100.000000 0.000000
156.250000 100.000000 0.000000
155.900000 100.000000 0.000000
155.550000 100.000000 0.000000
155.200000 100.000000 0.000000
154.850000 100.000000 0.000000
154.500000 100.000000 0.000000
154.150000 100.000000 0.000000
153.800000 100.000000 0.000000
153.450000 100.000000 0.000000
153.100000 100.000000 0.000000
152.750000 100.000000 0.000000
152.400000 100.000000 0.000000
152.050000 100.000000 0.000000
151.700000 100.000000 0.000000
151.350000 100.000000 0.000000
151.000000 100.000000 0.000000
150.650000 100.000000 0.000000
150.300000 100.000000 0.000000
149.950000 100.000000 0.000000
149.600000 100.000000 0.000000
149.250000 100.000000 0.000000
148.900000 100.000000 0.000000
148.550000 100.000000 0.000000
148.200000 100.000000 0.000000
147.850000 100.000000 0.000000
147.500000 100.000000 0.000000
147.150000 100.000000 0.000000
146.800000 100.000000 0.000000
146.450000 100.000000 0.000000
146.100000 100.000000 0.000000
145.750000 100.000000 0.000000
145.400000 100.000000 0.000000
145.050000 100.000000 0.000000
144.700000 100.000000 0.000000
144.350000 100.000000 0.000000
144.000000 100.000000 0.000000
143.650000 100.000000 0.000000
143.300000 100.000000 0.000000
142.950000 100.000000 0.000000
142.600000 100.000000 0.000000
142.250000 100.000000 0.000000
141.900000 100.000000 0.000000
141.550000 100.000000 0.000000
141.200000 100.000000 0.000000
140.850000 100.000000 0.000000
140.500000 100.000000 0.000000
140.150000 100.000000 0.000000
139.800000 100.000000 0.000000
139.450000 100.000000 0.000000
139.100000 100.000000 0.000000
138.750000 100.000000 0.000000
138.400000 100.000000 0.000000
138.050000 100.000000 0.000000
137.700000 100.000000 0.000000
137.350000 100.000000 0.000000
137.000000 100.000000 0.000000
136.650000 100.000000 0.000000
136.300000 100.000000 0.000000
135.950000 100.000000 0.000000
135.600000 100.000000 0.000000
135.250000 100.000000 0.000000
134.900000 100.000000 0.000000
134.550000 100.000000 0.000000
134.200000 100.000000 0.000000
133.850000 100.000000 0.000000
133.500000 100.000000 0.000000
133.150000 100.000000 0.000000
132.800000 100.000000 0.000000
132.450000 100.000000 0.000000
132.100000 100.000000 0.000000
131.750000 100.000000 0.000000
131.400000 100.000000 0.000000
131.050000 100.000000 0.000000
130.700000 100.000000 0.000000
130.350000 100.000000 0.000000
130.000000 100.000000 0.000000
129.650000 100.000000 0.000000
129.300000 100.000000 0.000000
128.950000 100.000000 0.000000
128.600000 100.000000 0.000000
128.250000 100.000000 0.000000
127.900000 100.000000 0.000000
127.550000 100.000000 0.000000
127.200000 100.000000 0.000000
126.850000 100.000000 0.000000
126.500000 100.000000 0.000000
126.150000 100.000000 0.000000
125.800000 100.000000 0.000000
125.450000 100.000000 0.000000
125.100000 100.000000 0.000000
124.750000 100.000000 0.000000
124.400000 100.000000 0.000000
124.050000 100.000000 0.000000
123.700000 100.000000 0.000000
123.350000 100.000000 0.000000
123.000000 100.000000 0.000000
122.650000 100.000000 0.000000
122.300000 100.000000 0.000000
121.950000 100.000000 0.000000
121.600000 100.000000 0.000000
121.250000 100.000000 0.000000
120.900000 100.000000 0.000000
120.550000 100.000000 0.000000
120.200000 100.000000 0.000000
119.850000 100.000000 0.000000
119.500000 100.000000 0.000000
119.150000 100.000000 0.000000
118.800000 100.000000 0.000000
118.450000 100.000000 0.000000
118.100000 100.000000 0.000000
117.750000 100.000000 0.000000
117.400000 100.000000 0.000000
117.050000 100.000000 0.000000
116.700000 100.000000 0.000000
116.350000 100.000000 0.000000
116.000000 100.000000 0.000000
115.650000 100.000000 0.000000
115.300000 100.000000 0.000000
114.950000 100.000000 0.000000
114.600000 100.000000 0.000000
114.250000 100.000000 0.000000
113.900000 100.000000 0.000000
113.550000 100.000000 0.000000
113.200000 100.000000 0.000000
112.850000 100.000000 0.000000
112.500000 100.000000 0.000000
112.150000 100.000000 0.000000
111.800000 100.000000 0.000000
111.450000 100.000000 0.000000
111.100000 100.000000 0.000000
110.750000 100.000000 0.000000
110.400000 100.000000 0.000000
110.050000 100.000000 0.000000
109.700000 100.000000 0.000000
109.350000 100.000000 0.000000
109.000000 100.000000 0.000000
108.650000 100.000000 0.000000
108.300000 100.000000 0.000000
107.950000 100.000000 0.000000
107.600000 100.000000 0.000000
107.250000 100.000000 0.000000
106.900000 100.000000 0.000000
106.550000 100.000000 0.000000
106.200000 100.000000 0.000000
105.850000 100.000000 0.000000
105.500000 100.000000 0.000000
105.150000 100.000000 0.000000
104.800000 100.000000 0.000000
104.450000 100.000000 0.000000
104.100000 100.000000 0.000000
103.750000 100.000000 0.000000
103.400000 100.000000 0.000000
103.050000 100.000000 0.000000
102.700000 100.000000 0.000000
102.350000 100.000000 0.000000
102.000000 100.000000 0.000000
101.650000 100.000000 0.000000
101.300000 100.000000 0.000000
100.950000 100.000000 0.000000
100.600000 100.000000 0.000000
100.250000 100.000000 0.000000
99.900000 100.000000 0.000000
99.550000 100.000000 0.000000
99.200000 100.000000 0.000000
98.850000 100.000000 0.000000
98.500000 100.000000 0.000000
98.150000 100.000000 0.000000
97.800000 100.000000 0.000000
97.450000 100.000000 0.000000
97.100000 100.000000 0.000000
96.750000 100.000000 0.000000
96.400000 100.000000 0.000000
96.050000 100.000000 0.000000
95.700000 100.000000 0.000000
95.350000 100.000000 0.000000
95.000000 100.000000 0.000000
94.581207 99.992691 0.000000
94.162926 99.970772 0.000000
93.745659 99.934265 0.000000
93.329926 99.883217 0.000000
92.916222 99.817696 0.000000
92.505058 99.737770 0.000000
92.096939 99.643547 0.000000
91.692352 99.535141 0.000000
91.291794 99.412682 0.000000
90.895760 99.276314 0.000000
90.504723 99.126205 0.000000
90.119164 98.962547 0.000000
89.739548 98.785530 0.000000
89.366341 98.595367 0.000000
89.000000 98.392303 0.000000
88.640968 98.176575 0.000000
88.289688 97.948448 0.000000
87.946579 97.708206 0.000000
87.612061 97.456131 0.000000
87.286552 97.192535 0.000000
86.970436 96.917740 0.000000
86.664101 96.632080 0.000000
86.367920 96.335899 0.000000
86.082260 96.029564 0.000000
85.807465 95.713448 0.000000
85.543869 95.387939 0.000000
85.291794 95.053421 0.000000
85.051552 94.710312 0.000000
84.823425 94.359032 0.000000
84.607697 94.000000 0.000000
84.404633 93.633659 0.000000
84.214470 93.260452 0.000000
84.037453 92.880836 0.000000
83.873795 92.495277 0.000000
83.723686 92.104240 0.000000
83.587318 91.708206 0.000000
83.464859 91.307648 0.000000
83.356453 90.903061 0.000000
83.262230 90.494942 0.000000
83.182304 90.083778 0.000000
83.116783 89.670074 0.000000
83.065735 89.254341 0.000000
83.029228 88.837074 0.000000
83.007309 88.418793 0.000000
83.000000 88.000000 0.000000
83.000000 87.650000 0.000000
83.000000 87.300000 0.000000
83.000000 86.950000 0.000000
83.000000 86.600000 0.000000
83.000000 86.250000 0.000000
83.000000 85.900000 0.000000
83.000000 85.550000 0.000000
83.000000 85.200000 0.000000
83.000000 84.850000 0.000000
83.000000 84.500000 0.000000
83.000000 84.150000 0.000000
83.000000 83.800000 0.000000
83.000000 83.450000 0.000000
83.000000 83.100000 0.000000
83.000000 82.750000 0.000000
83.000000 82.400000 0.000000
83.000000 82.050000 0.000000
83.000000 81.700000 0.000000
83.000000 81.350000 0.000000
83.000000 81.000000 0.000000
83.000000 80.650000 0.000000
83.000000 80.300000 0.000000
83.000000 79.950000 0.000000
83.000000 79.600000 0.000000
83.000000 79.250000 0.000000
83.000000 78.900000 0.000000
83.000000 78.550000 0.000000
83.000000 78.200000 0.000000
83.000000 77.850000 0.000000
83.000000 77.500000 0.000000
83.000000 77.150000 0.000000
83.000000 76.800000 0.000000
83.000000 76.450000 0.000000
83.000000 76.100000 0.000000
83.000000 75.750000 0.000000
83.000000 75.400000 0.000000
83.000000 75.050000 0.000000
83.000000 74.700000 0.000000
83.000000 74.350000 0.000000
83.000000 74.000000 0.000000
83.000000 73.650000 0.000000
83.000000 73.300000 0.000000
83.000000 72.950000 0.000000
83.000000 72.600000 0.000000
83.000000 72.250000 0.000000
83.000000 71.900000 0.000000
83.000000 71.550000 0.000000
83.000000 71.200000 0.000000
83.000000 70.850000 0.000000
83.000000 70.500000 0.000000
83.000000 70.150000 0.000000
83.000000 69.800000 0.000000
83.000000 69.450000 0.000000
83.000000 69.100000 0.000000
83.000000 68.750000 0.000000
83.000000 68.400000 0.000000
83.000000 68.050000 0.000000
83.000000 67.700000 0.000000
83.000000 67.350000 0.000000
83.000000 67.000000 0.000000
83.000000 66.650000 0.000000
83.000000 66.300000 0.000000
83.000000 65.950000 0.000000
83.000000 65.600000 0.000000
83.000000 65.250000 0.000000
83.000000 64.900000 0.000000
83.000000 64.550000 0.000000
83.000000 64.200000 0.000000
83.000000 63.850000 0.000000
83.000000 63.500000 0.000000
83.000000 63.150000 0.000000
83.000000 62.800000 0.000000
83.000000 62.450000 0.000000
83.000000 62.100000 0.000000
83.000000 61.750000 0.000000
83.000000 61.400000 0.000000
83.000000 61.050000 0.000000
83.000000 60.700000 0.000000
83.000000 60.350000 0.000000
83.000000 60.000000 0.000000
83.000000 59.650000 0.000000
83.000000 59.300000 0.000000
83.000000 58.950000 0.000000
83.000000 58.600000 0.000000
83.000000 58.250000 0.000000
83.000000 57.900000 0.000000
83.000000 57.550000 0.000000
83.000000 57.200000 0.000000
83.000000 56.850000 0.000000
83.000000 56.500000 0.000000
83.000000 56.150000 0.000000
83.000000 55.800000 0.000000
83.000000 55.450000 0.000000
83.000000 55.100000 0.000000
83.000000 54.750000 0.000000
83.000000 54.400000 0.000000
83.000000 54.050000 0.000000
83.000000 53.700000 0.000000
83.000000 53.350000 0.000000
83.000000 53.000000 0.000000
83.000000 52.650000 0.000000
83.000000 52.300000 0.000000
83.000000 51.950000 0.000000
83.000000 51.600000 0.000000
83.000000 51.250000 0.000000
83.000000 50.900000 0.000000
83.000000 50.550000 0.000000
83.000000 50.200000 0.000000
83.000000 49.850000 0.000000
83.000000 49.500000 0.000000
83.000000 49.150000 0.000000
83.000000 48.800000 0.000000
83.000000 48.450000 0.000000
83.000000 48.100000 0.000000
83.000000 47.750000 0.000000
83.000000 47.400000 0.000000
83.000000 47.050000 0.000000
83.000000 46.700000 0.000000
83.000000 46.350000 0.000000
83.000000 46.000000 0.000000
83.000000 45.650000 0.000000
83.000000 45.300000 0.000000
83.000000 44.950000 0.000000
83.000000 44.600000 0.000000
83.000000 44.250000 0.000000
83.000000 43.900000 0.000000
83.000000 43.550000 0.000000
83.000000 43.200000 0.000000
83.000000 42.850000 0.000000
83.000000 42.500000 0.000000
83.000000 42.150000 0.000000
83.000000 41.800000 0.000000
83.000000 41.450000 0.000000
83.000000 41.100000 0.000000
83.000000 40.750000 0.000000
83.000000 40.400000 0.000000
83.000000 40.050000 0.000000
83.000000 39.700000 0.000000
83.000000 39.350000 0.000000
83.000000 39.000000 0.000000
83.000000 38.650000 0.000000
83.000000 38.300000 0.000000
83.000000 37.950000 0.000000
83.000000 37.600000 0.000000
83.000000 37.250000 0.000000
83.000000 36.900000 0.000000
83.000000 36.550000 0.000000
83.000000 36.200000 0.000000
83.000000 35.850000 0.000000
83.000000 35.500000 0.000000
83.000000 35.150000 0.000000
83.000000 34.800000 0.000000
83.000000 34.450000 0.000000
83.000000 34.100000 0.000000
83.000000 33.750000 0.000000
83.000000 33.400000 0.000000
83.000000 33.050000 0.000000
83.000000 32.700000 0.000000
83.000000 32.350000 0.000000
83.000000 32.000000 0.000000
83.000000 31.650000 0.000000
83.000000 31.300000 0.000000
83.000000 30.950000 0.000000
83.000000 30.600000 0.000000
83.000000 30.250000 0.000000
83.000000 30.350000 0.000000
83.000000 30.700000 0.000000
83.000000 31.050000 0.000000
83.000000 31.400000 0.000000
83.000000 31.750000 0.000000
83.000000 32.100000 0.000000
83.000000 32.450000 0.000000
83.000000 32.800000 0.000000
83.000000 33.150000 0.000000
83.000000 33.500000 0.000000
83.000000 33.850000 0.000000
83.000000 34.200000 0.000000
83.000000 34.550000 0.000000
83.000000 34.900000 0.000000
83.000000 35.250000 0.000000
83.000000 35.600000 0.000000
83.000000 35.950000 0.000000
83.000000 36.300000 0.000000
83.000000 36.650000 0.000000
83.000000 37.000000 0.000000
83.000000 37.350000 0.000000
83.000000 37.700000 0.000000
83.000000 38.050000 0.000000
83.000000 38.400000 0.000000
83.000000 38.750000 0.000000
83.000000 39.100000 0.000000
83.000000 39.450000 0.000000
83.000000 39.800000 0.000000
83.000000 40.150000 0.000000
83.000000 40.500000 0.000000
83.000000 40.850000 0.000000
83.000000 41.200000 0.000000
83.000000 41.550000 0.000000
83.000000 41.900000 0.000000
83.000000 42.250000 0.000000
83.000000 42.600000 0.000000
83.000000 42.950000 0.000000
83.000000 43.300000 0.000000
83.000000 43.650000 0.000000
83.000000 44.000000 0.000000
83.000000 44.350000 0.000000
83.000000 44.700000 0.000000
83.000000 45.050000 0.000000
83.000000 45.400000 0.000000
83.000000 45.750000 0.000000
83.000000 46.100000 0.000000
83.000000 46.450000 0.000000
83.000000 46.800000 0.000000
83.000000 47.150000 0.000000
83.000000 47.500000 0.000000
83.000000 47.850000 0.000000
83.000000 48.200000 0.000000
83.000000 48.550000 0.000000
83.000000 48.900000 0.000000
83.000000 49.250000 0.000000
83.000000 49.600000 0.000000
83.000000 49.950000 0.000000
83.000000 50.300000 0.000000
83.000000 50.650000 0.000000
83.000000 51.000000 0.000000
83.000000 51.350000 0.000000
83.000000 51.700000 0.000000
83.000000 52.050000 0.000000
83.000000 52.400000 0.000000
83.000000 52.750000 0.000000
83.000000 53.100000 0.000000
83.000000 53.450000 0.000000
83.000000 53.800000 0.000000
83.000000 54.150000 0.000000
83.000000 54.500000 0.000000
83.000000 54.850000 0.000000
83.000000 55.200000 0.000000
83.000000 55.550000 0.000000
83.000000 55.900000 0.000000
83.000000 56.250000 0.000000
83.000000 56.600000 0.000000
83.000000 56.950000 0.000000
83.000000 57.300000 0.000000
83.000000 57.650000 0.000000
83.000000 58.000000 0.000000
83.000000 58.350000 0.000000
83.000000 58.700000 0.000000
83.000000 59.050000 0.000000
83.000000 59.400000 0.000000
83.000000 59.750000 0.000000
83.000000 60.100000 0.000000
83.000000 60.450000 0.000000
83.000000 60.800000 0.000000
83.000000 61.150000 0.000000
83.000000 61.500000 0.000000
83.000000 61.850000 0.000000
83.000000 62.200000 0.000000
83.000000 62.550000 0.000000
83.000000 62.900000 0.000000
83.000000 63.250000 0.000000
83.000000 63.600000 0.000000
83.000000 63.950000 0.000000
83.000000 64.300000 0.000000
83.000000 64.650000 0.000000
83.000000 65.000000 0.000000
83.000000 65.350000 0.000000
83.000000 65.700000 0.000000
83.000000 66.050000 0.000000
83.000000 66.400000 0.000000
83.000000 66.750000 0.000000
83.000000 67.100000 0.000000
83.000000 67.450000 0.000000
83.000000 67.800000 0.000000
82.992691 68.418793 0.000000
82.970772 68.837074 0.000000
82.934265 69.254341 0.000000
82.883217 69.670074 0.000000
82.817696 70.083778 0.000000
82.737770 70.494942 0.000000
82.643547 70.903061 0.000000
82.535141 71.307648 0.000000
82.412682 71.708206 0.000000
82.276314 72.104240 0.000000
82.126205 72.495277 0.000000
81.962547 72.880836 0.000000
81.785530 73.260452 0.000000
81.595367 73.633659 0.000000
81.392303 74.000000 0.000000
81.176575 74.359032 0.000000
80.948448 74.710312 0.000000
80.708206 75.053421 0.000000
80.456131 75.387939 0.000000
80.192535 75.713448 0.000000
79.917740 76.029564 0.000000
79.632080 76.335899 0.000000
79.335899 76.632080 0.000000
79.029564 76.917740 0.000000
78.713448 77.192535 0.000000
78.387939 77.456131 0.000000
78.053421 77.708206 0.000000
77.710312 77.948448 0.000000
77.359032 78.176575 0.000000
77.000000 78.392303 0.000000
76.633659 78.595367 0.000000
76.260452 78.785530 0.000000
75.880836 78.962547 0.000000
75.495277 79.126205 0.000000
75.104240 79.276314 0.000000
74.708206 79.412682 0.000000
74.307648 79.535141 0.000000
73.903061 79.643547 0.000000
73.494942 79.737770 0.000000
73.083778 79.817696 0.000000
72.670074 79.883217 0.000000
72.254341 79.934265 0.000000
71.837074 79.970772 0.000000
71.418793 79.992691 0.000000
71.000000 80.000000 0.000000
70.650000 80.000000 0.000000
70.300000 80.000000 0.000000
69.950000 80.000000 0.000000
69.600000 80.000000 0.000000
69.250000 80.000000 0.000000
68.900000 80.000000 0.000000
68.550000 80.000000 0.000000
68.200000 80.000000 0.000000
67.850000 80.000000 0.000000
67.500000 80.000000 0.000000
67.150000 80.000000 0.000000
66.800000 80.000000 0.000000
66.450000 80.000000 0.000000
66.100000 80.000000 0.000000
65.750000 80.000000 0.000000
65.400000 80.000000 0.000000
65.050000 80.000000 0.000000
64.700000 80.000000 0.000000
64.350000 80.000000 0.000000
64.000000 80.000000 0.000000
63.650000 80.000000 0.000000
63.300000 80.000000 0.000000
62.950000 80.000000 0.000000
62.600000 80.000000 0.000000
62.250000 80.000000 0.000000
61.900000 80.000000 0.000000
61.550000 80.000000 0.000000
61.200000 80.000000 0.000000
60.850000 80.000000 0.000000
60.500000 80.000000 0.000000
60.150000 80.000000 0.000000
59.800000 80.000000 0.000000
59.450000 80.000000 0.000000
59.100000 80.000000 0.000000
58.750000 80.000000 0.000000
58.400000 80.000000 0.000000
58.050000 80.000000 0.000000
57.700000 80.000000 0.000000
57.350000 80.000000 0.000000
57.000000 80.000000 0.000000
56.650000 80.000000 0.000000
56.300000 80.000000 0.000000
55.950000 80.000000 0.000000
55.600000 80.000000 0.000000
55.250000 80.000000 0.000000
54.900000 80.000000 0.000000
54.550000 80.000000 0.000000
54.200000 80.000000 0.000000
53.850000 80.000000 0.000000
53.500000 80.000000 0.000000
53.150000 80.000000 0.000000
52.800000 80.000000 0.000000
52.450000 80.000000 0.000000
52.100000 80.000000 0.000000
51.750000 80.000000 0.000000
51.400000 80.000000 0.000000
51.050000 80.000000 0.000000
50.700000 80.000000 0.000000
50.350000 80.000000 0.000000
50.000000 80.000000 0.000000
49.650000 80.000000 0.000000
49.300000 80.000000 0.000000
48.950000 80.000000 0.000000
48.600000 80.000000 0.000000
48.250000 80.000000 0.000000
47.900000 80.000000 0.000000
47.550000 80.000000 0.000000
47.200000 80.000000 0.000000
46.850000 80.000000 0.000000
46.500000 80.000000 0.000000
46.150000 80.000000 0.000000
45.800000 80.000000 0.000000
45.450000 80.000000 0.000000
45.100000 80.000000 0.000000
44.750000 80.000000 0.000000
44.400000 80.000000 0.000000
44.050000 80.000000 0.000000
43.700000 80.000000 0.000000
43.350000 80.000000 0.000000
43.000000 80.000000 0.000000
42.650000 80.000000 0.000000
42.300000 80.000000 0.000000
41.950000 80.000000 0.000000
41.600000 80.000000 0.000000
41.250000 80.000000 0.000000
40.900000 80.000000 0.000000
40.550000 80.000000 0.000000
40.200000 80.000000 0.000000
39.850000 80.000000 0.000000
39.500000 80.000000 0.000000
39.150000 80.000000 0.000000
38.800000 80.000000 0.000000
38.450000 80.000000 0.000000
38.100000 80.000000 0.000000
37.750000 80.000000 0.000000
37.400000 80.000000 0.000000
37.050000 80.000000 0.000000
36.700000 80.000000 0.000000
36.350000 80.000000 0.000000
36.000000 80.000000 0.000000
35.650000 80.000000 0.000000
35.300000 80.000000 0.000000
34.950000 80.000000 0.000000
34.600000 80.000000 0.000000
34.250000 80.000000 0.000000
33.900000 80.000000 0.000000
33.550000 80.000000 0.000000
33.200000 80.000000 0.000000
32.850000 80.000000 0.000000
32.500000 80.000000 0.000000
32.150000 80.000000 0.000000
31.581205 80.007309 0.000000
31.162922 80.029228 0.000000
30.745659 80.065735 0.000000
30.329924 80.116783 0.000000
29.916222 80.182304 0.000000
29.505060 80.262230 0.000000
29.096937 80.356453 0.000000
28.692352 80.464859 0.000000
28.291796 80.587318 0.000000
27.895758 80.723686 0.000000
27.504721 80.873795 0.000000
27.119160 81.037453 0.000000
26.739546 81.214470 0.000000
26.366341 81.404633 0.000000
26.000000 81.607697 0.000000
25.640968 81.823425 0.000000
25.289684 82.051552 0.000000
24.946577 82.291794 0.000000
24.612062 82.543869 0.000000
24.286549 82.807465 0.000000
23.970432 83.082260 0.000000
23.664099 83.367920 0.000000
23.367922 83.664101 0.000000
23.082262 83.970436 0.000000
22.807467 84.286552 0.000000
22.543871 84.612061 0.000000
22.291796 84.946579 0.000000
22.051550 85.289688 0.000000
21.823423 85.640968 0.000000
21.607695 86.000000 0.000000
21.404629 86.366341 0.000000
21.214472 86.739548 0.000000
21.037455 87.119164 0.000000
20.873795 87.504723 0.000000
20.723688 87.895760 0.000000
20.587322 88.291794 0.000000
20.464859 88.692352 0.000000
20.356451 89.096939 0.000000
20.262228 89.505058 0.000000
20.182306 89.916222 0.000000
20.116783 90.329926 0.000000
20.065737 90.745659 0.000000
20.029232 91.162926 0.000000
20.007311 91.581207 0.000000
20.000000 92.000000 0.000000
20.000000 92.350000 0.000000
20.000000 92.700000 0.000000
20.000000 93.050000 0.000000
20.000000 93.400000 0.000000
20.000000 93.750000 0.000000
20.000000 94.100000 0.000000
20.000000 94.450000 0.000000
20.000000 94.800000 0.000000
20.000000 95.150000 0.000000
20.000000 95.500000 0.000000
20.000000 95.850000 0.000000
20.000000 96.200000 0.000000
20.000000 96.550000 0.000000
20.000000 96.900000 0.000000
20.000000 97.250000 0.000000
20.000000 97.600000 0.000000
20.000000 97.950000 0.000000
20.000000 98.300000 0.000000
20.000000 98.650000 0.000000
20.000000 99.000000 0.000000
20.000000 99.350000 0.000000
20.000000 99.700000 0.000000
20.000000 100.050000 0.000000
20.000000 100.400000 0.000000
20.000000 100.750000 0.000000
20.000000 101.100000 0.000000
20.000000 101.450000 0.000000
20.000000 101.800000 0.000000
20.000000 102.150000 0.000000
20.000000 102.500000 0.000000
20.000000 102.850000 0.000000
20.000000 103.200000 0.000000
20.000000 103.550000 0.000000
20.000000 103.900000 0.000000
20.000000 104.250000 0.000000
20.000000 104.600000 0.000000
20.000000 104.950000 0.000000
20.000000 105.300000 0.000000
20.000000 105.650000 0.000000
20.000000 106.000000 0.000000
20.000000 106.350000 0.000000
20.000000 106.700000 0.000000
20.000000 107.050000 0.000000
20.000000 107.400000 0.000000
20.000000 107.750000 0.000000
20.000000 108.100000 0.000000
20.000000 108.450000 0.000000
20.000000 108.800000 0.000000
20.000000 109.150000 0.000000
20.000000 109.500000 0.000000
20.000000 109.850000 0.000000
20.000000 110.200000 0.000000
20.000000 110.550000 0.000000
20.000000 110.900000 0.000000
20.000000 111.250000 0.000000
20.000000 111.600000 0.000000
20.000000 111.950000 0.000000
20.000000 112.300000 0.000000
20.000000 112.650000 0.000000
20.000000 113.000000 0.000000
20.000000 113.350000 0.000000
20.000000 113.700000 0.000000
20.000000 114.050000 0.000000
20.000000 114.400000 0.000000
20.000000 114.750000 0.000000
20.000000 115.100000 0.000000
20.000000 115.450000 0.000000
20.000000 115.800000 0.000000
20.000000 116.150000 0.000000
20.000000 116.500000 0.000000
20.000000 116.850000 0.000000
20.000000 117.200000 0.000000
20.000000 117.550000 0.000000
20.000000 117.900000 0.000000
20.000000 118.250000 0.000000
20.000000 118.600000 0.000000
20.000000 118.950000 0.000000
20.000000 119.300000 0.000000
20.000000 119.650000 0.000000
20.000000 120.000000 0.000000
20.000000 120.350000 0.000000
20.000000 120.700000 0.000000
20.000000 121.050000 0.000000
20.000000 121.400000 0.000000
20.000000 121.750000 0.000000
20.000000 122.100000 0.000000
20.000000 122.450000 0.000000
20.000000 122.800000 0.000000
20.000000 123.150000 0.000000
20.000000 123.500000 0.000000
20.000000 123.850000 0.000000
20.000000 124.200000 0.000000
20.000000 124.550000 0.000000
20.000000 124.900000 0.000000
20.000000 125.250000 0.000000
20.000000 125.600000 0.000000
20.000000 125.950000 0.000000
20.000000 126.300000 0.000000
20.000000 126.650000 0.000000
20.000000 127.000000 0.000000
20.000000 127.350000 0.000000
20.000000 127.700000 0.000000
20.007311 128.418793 0.000000
20.029232 128.837082 0.000000
20.065737 129.254349 0.000000
20.116783 129.670074 0.000000
20.182306 130.083771 0.000000
20.262228 130.494934 0.000000
20.356451 130.903061 0.000000
20.464859 131.307648 0.000000
20.587322 131.708206 0.000000
20.723688 132.104248 0.000000
20.873795 132.495285 0.000000
21.037455 132.880844 0.000000
21.214472 133.260452 0.000000
21.404629 133.633652 0.000000
21.607695 134.000000 0.000000
21.823423 134.359024 0.000000
22.051550 134.710312 0.000000
22.291796 135.053421 0.000000
22.543871 135.387939 0.000000
22.807467 135.713455 0.000000
23.082262 136.029572 0.000000
23.367922 136.335907 0.000000
23.664099 136.632080 0.000000
23.970432 136.917740 0.000000
24.286549 137.192535 0.000000
24.612062 137.456131 0.000000
24.946577 137.708206 0.000000
25.289684 137.948456 0.000000
25.640968 138.176575 0.000000
26.000000 138.392303 0.000000
26.366341 138.595367 0.000000
26.739546 138.785522 0.000000
27.119160 138.962540 0.000000
27.504721 139.126205 0.000000
27.895758 139.276306 0.000000
28.291796 139.412674 0.000000
28.692352 139.535141 0.000000
29.096937 139.643555 0.000000
29.505060 139.737778 0.000000
29.916222 139.817688 0.000000
30.329924 139.883209 0.000000
30.745659 139.934265 0.000000
31.162922 139.970764 0.000000
31.581205 139.992691 0.000000
32.000000 140.000000 0.000000
32.350000 140.000000 0.000000
32.700000 140.000000 0.000000
33.050000 140.000000 0.000000
33.400000 140.000000 0.000000
33.750000 140.000000 0.000000
34.100000 140.000000 0.000000
34.450000 140.000000 0.000000
34.800000 140.000000 0.000000
35.150000 140.000000 0.000000
35.500000 140.000000 0.000000
35.850000 140.000000 0.000000
36.200000 140.000000 0.000000
36.550000 140.000000 0.000000
36.900000 140.000000 0.000000
37.250000 140.000000 0.000000
37.600000 140.000000 0.000000
37.950000 140.000000 0.000000
38.300000 140.000000 0.000000
38.650000 140.000000 0.000000
39.000000 140.000000 0.000000
39.350000 140.000000 0.000000
39.700000 140.000000 0.000000
40.050000 140.000000 0.000000
40.400000 140.000000 0.000000
40.750000 140.000000 0.000000
41.100000 140.000000 0.000000
41.450000 140.000000 0.000000
41.800000 140.000000 0.000000
42.150000 140.000000 0.000000
42.500000 140.000000 0.000000
42.850000 140.000000 0.000000
43.200000 140.000000 0.000000
43.550000 140.000000 0.000000
43.900000 140.000000 0.000000
44.250000 140.000000 0.000000
44.600000 140.000000 0.000000
44.950000 140.000000 0.000000
44.650000 140.000000 0.000000
44.300000 140.000000 0.000000
43.950000 140.000000 0.000000
43.600000 140.000000 0.000000
43.250000 140.000000 0.000000
42.900000 140.000000 0.000000
42.550000 140.000000 0.000000
42.200000 140.000000 0.000000
41.850000 140.000000 0.000000
41.500000 140.000000 0.000000
41.150000 140.000000 0.000000
40.800000 140.000000 0.000000
40.450000 140.000000 0.000000
40.100000 140.000000 0.000000
39.750000 140.000000 0.000000
39.400000 140.000000 0.000000
39.050000 140.000000 0.000000
38.700000 140.000000 0.000000
38.350000 140.000000 0.000000
38.000000 140.000000 0.000000
37.650000 140.000000 0.000000
37.300000 140.000000 0.000000
36.950000 140.000000 0.000000
36.600000 140.000000 0.000000
36.250000 140.000000 0.000000
35.900000 140.000000 0.000000
35.550000 140.000000 0.000000
35.200000 140.000000 0.000000
34.850000 140.000000 0.000000
34.500000 140.000000 0.000000
34.150000 140.000000 0.000000
33.800000 140.000000 0.000000
33.450000 140.000000 0.000000
33.100000 140.000000 0.000000
32.750000 140.000000 0.000000
32.400000 140.000000 0.000000
32.050000 140.000000 0.000000
31.581205 139.992691 0.000000
31.162922 139.970764 0.000000
30.745659 139.934265 0.000000
30.329924 139.883209 0.000000
29.916222 139.817688 0.000000
29.505060 139.737778 0.000000
29.096937 139.643555 0.000000
28.692352 139.535141 0.000000
28.291796 139.412674 0.000000
27.895758 139.276306 0.000000
27.504721 139.126205 0.000000
27.119160 138.962540 0.000000
26.739546 138.785522 0.000000
26.366341 138.595367 0.000000
26.000000 138.392303 0.000000
25.640968 138.176575 0.000000
25.289684 137.948456 0.000000
24.946577 137.708206 0.000000
24.612062 137.456131 0.000000
24.286549 137.192535 0.000000
23.970432 136.917740 0.000000
23.664099 136.632080 0.000000
23.367922 136.335907 0.000000
23.082262 136.029572 0.000000
22.807467 135.713455 0.000000
22.543871 135.387939 0.000000
22.291796 135.053421 0.000000
22.051550 134.710312 0.000000
21.823423 134.359024 0.000000
21.607695 134.000000 0.000000
21.404629 133.633652 0.000000
21.214472 133.260452 0.000000
21.037455 132.880844 0.000000
20.873795 132.495285 0.000000
20.723688 132.104248 0.000000
20.587322 131.708206 0.000000
20.464859 131.307648 0.000000
20.356451 130.903061 0.000000
20.262228 130.494934 0.000000
20.182306 130.083771 0.000000
20.116783 129.670074 0.000000
20.065737 129.254349 0.000000
20.029232 128.837082 0.000000
20.007311 128.418793 0.000000
20.000000 128.000000 0.000000
20.000000 127.650000 0.000000
20.000000 127.300000 0.000000
20.000000 126.950000 0.000000
20.000000 126.600000 0.000000
20.000000 126.250000 0.000000
20.000000 125.900000 0.000000
20.000000 125.550000 0.000000
20.000000 125.200000 0.000000
20.000000 124.850000 0.000000
20.000000 124.500000 0.000000
20.000000 124.150000 0.000000
20.000000 123.800000 0.000000
20.000000 123.450000 0.000000
20.000000 123.100000 0.000000
20.000000 122.750000 0.000000
20.000000 122.400000 0.000000
20.000000 122.050000 0.000000
20.000000 121.700000 0.000000
20.000000 121.350000 0.000000
20.000000 121.000000 0.000000
20.000000 120.650000 0.000000
20.000000 120.300000 0.000000
20.000000 119.950000 0.000000
20.000000 119.600000 0.000000
20.000000 119.250000 0.000000
20.000000 118.900000 0.000000
20.000000 118.550000 0.000000
20.000000 118.200000 0.000000
20.000000 117.850000 0.000000
20.000000 117.500000 0.000000
20.000000 117.150000 0.000000
20.000000 116.800000 0.000000
20.000000 116.450000 0.000000
20.000000 116.100000 0.000000
20.000000 115.750000 0.000000
20.000000 115.400000 0.000000
20.000000 115.050000 0.000000
20.000000 114.700000 0.000000
20.000000 114.350000 0.000000
20.000000 114.000000 0.000000
20.000000 113.650000 0.000000
20.000000 113.300000 0.000000
20.000000 112.950000 0.000000
20.000000 112.600000 0.000000
20.000000 112.250000 0.000000
20.000000 111.900000 0.000000
20.000000 111.550000 0.000000
20.000000 111.200000 0.000000
20.000000 110.850000 0.000000
20.000000 110.500000 0.000000
20.000000 110.150000 0.000000
20.000000 109.800000 0.000000
20.000000 109.450000 0.000000
20.000000 109.100000 0.000000
20.000000 108.750000 0.000000
20.000000 108.400000 0.000000
20.000000 108.050000 0.000000
20.000000 107.700000 0.000000
20.000000 107.350000 0.000000
20.000000 107.000000 0.000000
20.000000 106.650000 0.000000
20.000000 106.300000 0.000000
20.000000 105.950000 0.000000
20.000000 105.600000 0.000000
20.000000 105.250000 0.000000
20.000000 104.900000 0.000000
20.000000 104.550000 0.000000
20.000000 104.200000 0.000000
20.000000 103.850000 0.000000
20.000000 103.500000 0.000000
20.000000 103.150000 0.000000
20.000000 102.800000 0.000000
20.000000 102.450000 0.000000
20.000000 102.100000 0.000000
20.000000 101.750000 0.000000
20.000000 101.400000 0.000000
20.000000 101.050000 0.000000
20.000000 100.700000 0.000000
20.000000 100.350000 0.000000
20.000000 100.000000 0.000000
20.000000 99.650000 0.000000
20.000000 99.300000 0.000000
20.000000 98.950000 0.000000
20.000000 98.600000 0.000000
20.000000 98.250000 0.000000
20.000000 97.900000 0.000000
20.000000 97.550000 0.000000
20.000000 97.200000 0.000000
20.000000 96.850000 0.000000
20.000000 96.500000 0.000000
20.000000 96.150000 0.000000
20.000000 95.800000 0.000000
20.000000 95.450000 0.000000
20.000000 95.100000 0.000000
20.000000 94.750000 0.000000
20.000000 94.400000 0.000000
20.000000 94.050000 0.000000
20.000000 93.700000 0.000000
20.000000 93.350000 0.000000
20.000000 93.000000 0.000000
20.000000 92.650000 0.000000
20.000000 92.300000 0.000000
20.007311 91.581207 0.000000
20.029232 91.162926 0.000000
20.065737 90.745659 0.000000
20.116783 90.329926 0.000000
20.182306 89.916222 0.000000
20.262228 89.505058 0.000000
20.356451 89.096939 0.000000
20.464859 88.692352 0.000000
20.587322 88.291794 0.000000
20.723688 87.895760 0.000000
20.873795 87.504723 0.000000
21.037455 87.119164 0.000000
21.214472 86.739548 0.000000
21.404629 86.366341 0.000000
21.607695 86.000000 0.000000
21.823423 85.640968 0.000000
22.051550 85.289688 0.000000
22.291796 84.946579 0.000000
22.543871 84.612061 0.000000
22.807467 84.286552 0.000000
23.082262 83.970436 0.000000
23.367922 83.664101 0.000000
23.664099 83.367920 0.000000
23.970432 83.082260 0.000000
24.286549 82.807465 0.000000
24.612062 82.543869 0.000000
24.946577 82.291794 0.000000
25.289684 82.051552 0.000000
25.640968 81.823425 0.000000
26.000000 81.607697 0.000000
26.366341 81.404633 0.000000
26.739546 81.214470 0.000000
27.119160 81.037453 0.000000
27.504721 80.873795 0.000000
27.895758 80.723686 0.000000
28.291796 80.587318 0.000000
28.692352 80.464859 0.000000
29.096937 80.356453 0.000000
29.505060 80.262230 0.000000
29.916222 80.182304 0.000000
30.329924 80.116783 0.000000
30.745659 80.065735 0.000000
31.162922 80.029228 0.000000
31.581205 80.007309 0.000000
32.000000 80.000000 0.000000
32.350000 80.000000 0.000000
32.700000 80.000000 0.000000
33.050000 80.000000 0.000000
33.400000 80.000000 0.000000
33.750000 80.000000 0.000000
34.100000 80.000000 0.000000
34.450000 80.000000 0.000000
34.800000 80.000000 0.000000
35.150000 80.000000 0.000000
35.500000 80.000000 0.000000
35.850000 80.000000 0.000000
36.200000 80.000000 0.000000
36.550000 80.000000 0.000000
36.900000 80.000000 0.000000
37.250000 80.000000 0.000000
37.600000 80.000000 0.000000
37.950000 80.000000 0.000000
38.300000 80.000000 0.000000
38.650000 80.000000 0.000000
39.000000 80.000000 0.000000
39.350000 80.000000 0.000000
39.700000 80.000000 0.000000
40.050000 80.000000 0.000000
40.400000 80.000000 0.000000
40.750000 80.000000 0.000000
41.100000 80.000000 0.000000
41.450000 80.000000 0.000000
41.800000 80.000000 0.000000
42.150000 80.000000 0.000000
42.500000 80.000000 0.000000
42.850000 80.000000 0.000000
43.200000 80.000000 0.000000
43.550000 80.000000 0.000000
43.900000 80.000000 0.000000
44.250000 80.000000 0.000000
44.600000 80.000000 0.000000
44.950000 80.000000 0.000000
45.300000 80.000000 0.000000
45.650000 80.000000 0.000000
46.000000 80.000000 0.000000
46.350000 80.000000 0.000000
46.700000 80.000000 0.000000
47.050000 80.000000 0.000000
47.400000 80.000000 0.000000
47.750000 80.000000 0.000000
48.100000 80.000000 0.000000
48.450000 80.000000 0.000000
48.800000 80.000000 0.000000
49.150000 80.000000 0.000000
49.500000 80.000000 0.000000
49.850000 80.000000 0.000000
50.200000 80.000000 0.000000
50.550000 80.000000 0.000000
50.900000 80.000000 0.000000
51.250000 80.000000 0.000000
51.600000 80.000000 0.000000
51.950000 80.000000 0.000000
52.300000 80.000000 0.000000
52.650000 80.000000 0.000000
53.000000 80.000000 0.000000
53.350000 80.000000 0.000000
53.700000 80.000000 0.000000
54.050000 80.000000 0.000000
54.400000 80.000000 0.000000
54.750000 80.000000 0.000000
55.100000 80.000000 0.000000
55.450000 80.000000 0.000000
55.800000 80.000000 0.000000
56.150000 80.000000 0.000000
56.500000 80.000000 0.000000
56.850000 80.000000 0.000000
57.200000 80.000000 0.000000
57.550000 80.000000 0.000000
57.900000 80.000000 0.000000
58.250000 80.000000 0.000000
58.600000 80.000000 0.000000
58.950000 80.000000 0.000000
59.300000 80.000000 0.000000
59.650000 80.000000 0.000000
60.000000 80.000000 0.000000
60.350000 80.000000 0.000000
60.700000 80.000000 0.000000
61.050000 80.000000 0.000000
61.400000 80.000000 0.000000
61.750000 80.000000 0.000000
62.100000 80.000000 0.000000
62.450000 80.000000 0.000000
62.800000 80.000000 0.000000
63.150000 80.000000 0.000000
63.500000 80.000000 0.000000
63.850000 80.000000 0.000000
64.200000 80.000000 0.000000
64.550000 80.000000 0.000000
64.900000 80.000000 0.000000
65.250000 80.000000 0.000000
65.600000 80.000000 0.000000
65.950000 80.000000 0.000000
66.300000 80.000000 0.000000
66.650000 80.000000 0.000000
67.000000 80.000000 0.000000
67.350000 80.000000 0.000000
67.700000 80.000000 0.000000
68.050000 80.000000 0.000000
68.400000 80.000000 0.000000
68.750000 80.000000 0.000000
69.100000 80.000000 0.000000
69.450000 80.000000 0.000000
69.800000 80.000000 0.000000
70.150000 80.000000 0.000000
70.500000 80.000000 0.000000
70.850000 80.000000 0.000000
71.418793 80.007309 0.000000
71.837074 80.029228 0.000000
72.254341 80.065735 0.000000
72.670074 80.116783 0.000000
73.083778 80.182304 0.000000
73.494942 80.262230 0.000000
73.903061 80.356453 0.000000
74.307648 80.464859 0.000000
74.708206 80.587318 0.000000
75.104240 80.723686 0.000000
75.495277 80.873795 0.000000
75.880836 81.037453 0.000000
76.260452 81.214470 0.000000
76.633659 81.404633 0.000000
77.000000 81.607697 0.000000
77.359032 81.823425 0.000000
77.710312 82.051552 0.000000
78.053421 82.291794 0.000000
78.387939 82.543869 0.000000
78.713448 82.807465 0.000000
79.029564 83.082260 0.000000
79.335899 83.367920 0.000000
79.632080 83.664101 0.000000
79.917740 83.970436 0.000000
80.192535 84.286552 0.000000
80.456131 84.612061 0.000000
80.708206 84.946579 0.000000
80.948448 85.289688 0.000000
81.176575 85.640968 0.000000
81.392303 86.000000 0.000000
81.595367 86.366341 0.000000
81.785530 86.739548 0.000000
81.962547 87.119164 0.000000
82.126205 87.504723 0.000000
82.276314 87.895760 0.000000
82.412682 88.291794 0.000000
82.535141 88.692352 0.000000
82.643547 89.096939 0.000000
82.737770 89.505058 0.000000
82.817696 89.916222 0.000000
82.883217 90.329926 0.000000
82.934265 90.745659 0.000000
82.970772 91.162926 0.000000
82.992691 91.581207 0.000000
83.000000 92.000000 0.000000
83.000000 92.350000 0.000000
83.000000 92.700000 0.000000
83.000000 93.050000 0.000000
83.000000 93.400000 0.000000
83.000000 93.750000 0.000000
83.000000 94.100000 0.000000
83.000000 94.450000 0.000000
83.000000 94.800000 0.000000
83.000000 95.150000 0.000000
83.000000 95.500000 0.000000
83.000000 95.850000 0.000000
83.000000 96.200000 0.000000
83.000000 96.550000 0.000000
83.000000 96.900000 0.000000
83.000000 97.250000 0.000000
83.000000 97.600000 0.000000
83.000000 97.950000 0.000000
83.007309 98.418793 0.000000
83.029228 98.837074 0.000000
83.065735 99.254341 0.000000
83.116783 99.670074 0.000000
83.182304 100.083778 0.000000
83.262230 100.494942 0.000000
83.356453 100.903061 0.000000
83.464859 101.307648 0.000000
83.587318 101.708206 0.000000
83.723686 102.104240 0.000000
83.873795 102.495277 0.000000
84.037453 102.880836 0.000000
84.214470 103.260452 0.000000
84.404633 103.633659 0.000000
84.607697 104.000000 0.000000
84.823425 104.359032 0.000000
85.051552 104.710312 0.000000
85.291794 105.053421 0.000000
85.543869 105.387939 0.000000
85.807465 105.713448 0.000000
86.082260 106.029564 0.000000
86.367920 106.335899 0.000000
86.664101 106.632080 0.000000
86.970436 106.917740 0.000000
87.286552 107.192535 0.000000
87.612061 107.456131 0.000000
87.946579 107.708206 0.000000
88.289688 107.948448 0.000000
88.640968 108.176575 0.000000
89.000000 108.392303 0.000000
89.366341 108.595367 0.000000
89.739548 108.785530 0.000000
90.119164 108.962547 0.000000
90.504723 109.126205 0.000000
90.895760 109.276314 0.000000
91.291794 109.412682 0.000000
91.692352 109.535141 0.000000
92.096939 109.643547 0.000000
92.505058 109.737770 0.000000
92.916222 109.817696 0.000000
93.329926 109.883217 0.000000
93.745659 109.934265 0.000000
94.162926 109.970772 0.000000
94.581207 109.992691 0.000000
95.000000 110.000000 0.000000
95.350000 110.000000 0.000000
95.700000 110.000000 0.000000
96.050000 110.000000 0.000000
96.400000 110.000000 0.000000
96.750000 110.000000 0.000000
97.100000 110.000000 0.000000
97.450000 110.000000 0.000000
97.800000 110.000000 0.000000
98.150000 110.000000 0.000000
98.500000 110.000000 0.000000
98.850000 110.000000 0.000000
99.200000 110.000000 0.000000
99.550000 110.000000 0.000000
99.900000 110.000000 0.000000
100.250000 110.000000 0.000000
100.600000 110.000000 0.000000
100.950000 110.000000 0.000000
101.300000 110.000000 0.000000
101.650000 110.000000 0.000000
102.000000 110.000000 0.000000
102.350000 110.000000 0.000000
102.700000 110.000000 0.000000
103.050000 110.000000 0.000000
103.400000 110.000000 0.000000
103.750000 110.000000 0.000000
104.100000 110.000000 0.000000
104.450000 110.000000 0.000000
104.800000 110.000000 0.000000
105.150000 110.000000 0.000000
105.500000 110.000000 0.000000
105.850000 110.000000 0.000000
106.200000 110.000000 0.000000
106.550000 110.000000 0.000000
106.900000 110.000000 0.000000
107.250000 110.000000 0.000000
107.600000 110.000000 0.000000
107.950000 110.000000 0.000000
108.300000 110.000000 0.000000
108.650000 110.000000 0.000000
109.000000 110.000000 0.000000
109.350000 110.000000 0.000000
109.700000 110.000000 0.000000
110.050000 110.000000 0.000000
110.400000 110.000000 0.000000
110.750000 110.000000 0.000000
111.100000 110.000000 0.000000
111.450000 110.000000 0.000000
111.800000 110.000000 0.000000
112.150000 110.000000 0.000000
112.500000 110.000000 0.000000
112.850000 110.000000 0.000000
113.200000 110.000000 0.000000
113.550000 110.000000 0.000000
113.900000 110.000000 0.000000
114.250000 110.000000 0.000000
114.600000 110.000000 0.000000
114.950000 110.000000 0.000000
115.300000 110.000000 0.000000
115.650000 110.000000 0.000000
116.000000 110.000000 0.000000
116.350000 110.000000 0.000000
116.700000 110.000000 0.000000
117.050000 110.000000 0.000000
117.400000 110.000000 0.000000
117.750000 110.000000 0.000000
118.100000 110.000000 0.000000
118.450000 110.000000 0.000000
118.800000 110.000000 0.000000
119.150000 110.000000 0.000000
119.500000 110.000000 0.000000
119.850000 110.000000 0.000000
120.200000 110.000000 0.000000
120.550000 110.000000 0.000000
120.900000 110.000000 0.000000
121.250000 110.000000 0.000000
121.600000 110.000000 0.000000
121.950000 110.000000 0.000000
122.300000 110.000000 0.000000
122.650000 110.000000 0.000000
123.000000 110.000000 0.000000
123.350000 110.000000 0.000000
123.700000 110.000000 0.000000
124.050000 110.000000 0.000000
124.400000 110.000000 0.000000
124.750000 110.000000 0.000000
125.100000 110.000000 0.000000
125.450000 110.000000 0.000000
125.800000 110.000000 0.000000
126.150000 110.000000 0.000000
126.500000 110.000000 0.000000
126.850000 110.000000 0.000000
127.200000 110.000000 0.000000
127.550000 110.000000 0.000000
127.900000 110.000000 0.000000
128.250000 110.000000 0.000000
128.600000 110.000000 0.000000
128.950000 110.000000 0.000000
129.300000 110.000000 0.000000
129.650000 110.000000 0.000000
130.000000 110.000000 0.000000
130.350000 110.000000 0.000000
130.700000 110.000000 0.000000
131.050000 110.000000 0.000000
131.400000 110.000000 0.000000
131.750000 110.000000 0.000000
132.100000 110.000000 0.000000
132.450000 110.000000 0.000000
132.800000 110.000000 0.000000
133.150000 110.000000 0.000000
133.500000 110.000000 0.000000
133.850000 110.000000 0.000000
134.200000 110.000000 0.000000
134.550000 110.000000 0.000000
134.900000 110.000000 0.000000
135.250000 110.000000 0.000000
135.600000 110.000000 0.000000
135.950000 110.000000 0.000000
136.300000 110.000000 0.000000
136.650000 110.000000 0.000000
137.000000 110.000000 0.000000
137.350000 110.000000 0.000000
137.700000 110.000000 0.000000
138.050000 110.000000 0.000000
138.400000 110.000000 0.000000
138.750000 110.000000 0.000000
139.100000 110.000000 0.000000
139.450000 110.000000 0.000000
139.800000 110.000000 0.000000
140.150000 110.000000 0.000000
140.500000 110.000000 0.000000
140.850000 110.000000 0.000000
141.200000 110.000000 0.000000
141.550000 110.000000 0.000000
141.900000 110.000000 0.000000
142.250000 110.000000 0.000000
142.600000 110.000000 0.000000
142.950000 110.000000 0.000000
143.300000 110.000000 0.000000
143.650000 110.000000 0.000000
144.000000 110.000000 0.000000
144.350000 110.000000 0.000000
144.700000 110.000000 0.000000
145.050000 110.000000 0.000000
145.400000 110.000000 0.000000
145.750000 110.000000 0.000000
146.100000 110.000000 0.000000
146.450000 110.000000 0.000000
146.800000 110.000000 0.000000
147.150000 110.000000 0.000000
147.500000 110.000000 0.000000
147.850000 110.000000 0.000000
148.200000 110.000000 0.000000
148.550000 110.000000 0.000000
148.900000 110.000000 0.000000
149.250000 110.000000 0.000000
149.600000 110.000000 0.000000
149.950000 110.000000 0.000000
150.300000 110.000000 0.000000
150.650000 110.000000 0.000000
151.000000 110.000000 0.000000
151.350000 110.000000 0.000000
151.700000 110.000000 0.000000
152.050000 110.000000 0.000000
152.400000 110.000000 0.000000
152.750000 110.000000 0.000000
153.418793 110.007309 0.000000
153.837082 110.029228 0.000000
154.254349 110.065735 0.000000
154.670074 110.116783 0.000000
155.083771 110.182304 0.000000
155.494934 110.262230 0.000000
155.903061 110.356453 0.000000
156.307648 110.464859 0.000000
156.708206 110.587318 0.000000
157.104248 110.723686 0.000000
157.495285 110.873795 0.000000
157.880844 111.037453 0.000000
158.260452 111.214470 0.000000
158.633652 111.404633 0.000000
159.000000 111.607697 0.000000
159.359024 111.823425 0.000000
159.710312 112.051552 0.000000
160.053421 112.291794 0.000000
160.387939 112.543869 0.000000
160.713455 112.807465 0.000000
161.029572 113.082260 0.000000
161.335907 113.367920 0.000000
161.632080 113.664101 0.000000
161.917740 113.970436 0.000000
162.192535 114.286552 0.000000
162.456131 114.612061 0.000000
162.708206 114.946579 0.000000
162.948456 115.289688 0.000000
163.176575 115.640968 0.000000
163.392303 116.000000 0.000000
163.595367 116.366341 0.000000
163.785522 116.739548 0.000000
163.962540 117.119164 0.000000
164.126205 117.504723 0.000000
164.276306 117.895760 0.000000
164.412674 118.291794 0.000000
164.535141 118.692352 0.000000
164.643555 119.096939 0.000000
164.737778 119.505058 0.000000
164.817688 119.916222 0.000000
164.883209 120.329926 0.000000
164.934265 120.745659 0.000000
164.970764 121.162926 0.000000
164.992691 121.581207 0.000000
165.000000 122.000000 0.000000
165.000000 122.350000 0.000000
165.000000 122.700000 0.000000
165.000000 123.050000 0.000000
165.000000 123.400000 0.000000
165.000000 123.750000 0.000000
165.000000 124.100000 0.000000
165.000000 124.450000 0.000000
165.000000 124.800000 0.000000
165.000000 125.150000 0.000000
165.000000 125.500000 0.000000
165.000000 125.850000 0.000000
165.000000 126.200000 0.000000
165.000000 126.550000 0.000000
165.000000 126.900000 0.000000
165.000000 127.250000 0.000000
165.000000 127.600000 0.000000
165.000000 127.950000 0.000000
165.000000 128.300000 0.000000
165.000000 128.650000 0.000000
165.000000 129.000000 0.000000
165.000000 129.350000 0.000000
165.000000 129.700000 0.000000
165.000000 130.050000 0.000000
165.000000 130.400000 0.000000
165.000000 130.750000 0.000000
165.000000 131.100000 0.000000
165.000000 131.450000 0.000000
165.000000 131.800000 0.000000
165.000000 132.150000 0.000000
165.000000 132.500000 0.000000
165.000000 132.850000 0.000000
164.992691 133.418793 0.000000
164.970764 133.837082 0.000000
164.934265 134.254349 0.000000
164.883209 134.670074 0.000000
164.817688 135.083771 0.000000
164.737778 135.494934 0.000000
164.643555 135.903061 0.000000
164.535141 136.307648 0.000000
164.412674 136.708206 0.000000
164.276306 137.104248 0.000000
164.126205 137.495285 0.000000
163.962540 137.880844 0.000000
163.785522 138.260452 0.000000
163.595367 138.633652 0.000000
163.392303 139.000000 0.000000
163.176575 139.359024 0.000000
162.948456 139.710312 0.000000
162.708206 140.053421 0.000000
162.456131 140.387939 0.000000
162.192535 140.713455 0.000000
161.917740 141.029572 0.000000
161.632080 141.335907 0.000000
161.335907 141.632080 0.000000
161.029572 141.917740 0.000000
160.713455 142.192535 0.000000
160.387939 142.456131 0.000000
160.053421 142.708206 0.000000
159.710312 142.948456 0.000000
159.359024 143.176575 0.000000
159.000000 143.392303 0.000000
158.633652 143.595367 0.000000
158.260452 143.785522 0.000000
157.880844 143.962540 0.000000
157.495285 144.126205 0.000000
157.104248 144.276306 0.000000
156.708206 144.412674 0.000000
156.307648 144.535141 0.000000
155.903061 144.643555 0.000000
155.494934 144.737778 0.000000
155.083771 144.817688 0.000000
154.670074 144.883209 0.000000
154.254349 144.934265 0.000000
153.837082 144.970764 0.000000
153.418793 144.992691 0.000000
153.000000 145.000000 0.000000
152.650000 145.000000 0.000000
152.300000 145.000000 0.000000
151.950000 145.000000 0.000000
151.600000 145.000000 0.000000
151.250000 145.000000 0.000000
150.900000 145.000000 0.000000
150.550000 145.000000 0.000000
150.200000 145.000000 0.000000
149.850000 145.000000 0.000000
149.500000 145.000000 0.000000
149.150000 145.000000 0.000000
148.800000 145.000000 0.000000
148.450000 145.000000 0.000000
148.100000 145.000000 0.000000
147.750000 145.000000 0.000000
147.400000 145.000000 0.000000
147.050000 145.000000 0.000000
146.700000 145.000000 0.000000
146.350000 145.000000 0.000000
146.000000 145.000000 0.000000
145.650000 145.000000 0.000000
145.300000 145.000000 0.000000
144.950000 145.000000 0.000000
144.600000 145.000000 0.000000
144.250000 145.000000 0.000000
143.900000 145.000000 0.000000
143.550000 145.000000 0.000000
143.200000 145.000000 0.000000
142.850000 145.000000 0.000000
142.500000 145.000000 0.000000
142.150000 145.000000 0.000000
141.800000 145.000000 0.000000
141.450000 145.000000 0.000000
141.100000 145.000000 0.000000
140.750000 145.000000 0.000000
140.400000 145.000000 0.000000
140.050000 145.000000 0.000000
139.700000 145.000000 0.000000
139.350000 145.000000 0.000000
139.000000 145.000000 0.000000
138.650000 145.000000 0.000000
138.300000 145.000000 0.000000
137.950000 145.000000 0.000000
137.600000 145.000000 0.000000
137.250000 145.000000 0.000000
136.900000 145.000000 0.000000
136.550000 145.000000 0.000000
136.200000 145.000000 0.000000
135.850000 145.000000 0.000000
135.500000 145.000000 0.000000
135.150000 145.000000 0.000000
134.800000 145.000000 0.000000
134.450000 145.000000 0.000000
134.100000 145.000000 0.000000
133.750000 145.000000 0.000000
133.400000 145.000000 0.000000
133.050000 145.000000 0.000000
132.700000 145.000000 0.000000
132.350000 145.000000 0.000000
132.000000 145.000000 0.000000
131.650000 145.000000 0.000000
131.300000 145.000000 0.000000
130.950000 145.000000 0.000000
130.600000 145.000000 0.000000
130.250000 145.000000 0.000000
129.900000 145.000000 0.000000
129.550000 145.000000 0.000000
129.200000 145.000000 0.000000
128.850000 145.000000 0.000000
128.500000 145.000000 0.000000
128.150000 145.000000 0.000000
127.800000 145.000000 0.000000
127.450000 145.000000 0.000000
127.100000 145.000000 0.000000
126.750000 145.000000 0.000000
126.400000 145.000000 0.000000
126.050000 145.000000 0.000000
125.700000 145.000000 0.000000
125.350000 145.000000 0.000000
125.000000 145.000000 0.000000
124.650000 145.000000 0.000000
124.300000 145.000000 0.000000
123.950000 145.000000 0.000000
123.600000 145.000000 0.000000
123.250000 145.000000 0.000000
122.900000 145.000000 0.000000
122.550000 145.000000 0.000000
122.200000 145.000000 0.000000
121.850000 145.000000 0.000000
121.500000 145.000000 0.000000
121.150000 145.000000 0.000000
120.800000 145.000000 0.000000
120.450000 145.000000 0.000000
120.100000 145.000000 0.000000
119.750000 145.000000 0.000000
119.400000 145.000000 0.000000
119.050000 145.000000 0.000000
118.700000 145.000000 0.000000
118.350000 145.000000 0.000000
118.000000 145.000000 0.000000
117.650000 145.000000 0.000000
117.300000 145.000000 0.000000
116.950000 145.000000 0.000000
116.600000 145.000000 0.000000
116.250000 145.000000 0.000000
115.900000 145.000000 0.000000
115.550000 145.000000 0.000000
115.200000 145.000000 0.000000
114.850000 145.000000 0.000000
114.500000 145.000000 0.000000
114.150000 145.000000 0.000000
113.800000 145.000000 0.000000
113.450000 145.000000 0.000000
113.100000 145.000000 0.000000
112.750000 145.000000 0.000000
112.400000 145.000000 0.000000
112.050000 145.000000 0.000000
111.700000 145.000000 0.000000
111.350000 145.000000 0.000000
111.000000 145.000000 0.000000
110.650000 145.000000 0.000000
110.300000 145.000000 0.000000
109.950000 145.000000 0.000000
109.600000 145.000000 0.000000
109.250000 145.000000 0.000000
108.900000 145.000000 0.000000
108.550000 145.000000 0.000000
108.200000 145.000000 0.000000
107.850000 145.000000 0.000000
107.500000 145.000000 0.000000
107.150000 145.000000 0.000000
106.800000 145.000000 0.000000
106.450000 145.000000 0.000000
106.100000 145.000000 0.000000
105.750000 145.000000 0.000000
105.400000 145.000000 0.000000
105.050000 145.000000 0.000000
104.700000 145.000000 0.000000
104.350000 145.000000 0.000000
104.000000 145.000000 0.000000
103.650000 145.000000 0.000000
103.300000 145.000000 0.000000
102.950000 145.000000 0.000000
102.600000 145.000000 0.000000
102.250000 145.000000 0.000000
101.900000 145.000000 0.000000
101.550000 145.000000 0.000000
101.200000 145.000000 0.000000
100.850000 145.000000 0.000000
100.500000 145.000000 0.000000
100.150000 145.000000 0.000000
99.800000 145.000000 0.000000
99.450000 145.000000 0.000000
99.100000 145.000000 0.000000
98.750000 145.000000 0.000000
98.400000 145.000000 0.000000
98.050000 145.000000 0.000000
97.700000 145.000000 0.000000
97.350000 145.000000 0.000000
97.000000 145.000000 0.000000
96.650000 145.000000 0.000000
96.300000 145.000000 0.000000
95.950000 145.000000 0.000000
95.600000 145.000000 0.000000
95.250000 145.000000 0.000000
94.900000 145.000000 0.000000
94.550000 145.000000 0.000000
94.200000 145.000000 0.000000
93.850000 145.000000 0.000000
93.500000 145.000000 0.000000
93.150000 145.000000 0.000000
92.800000 145.000000 0.000000
92.450000 145.000000 0.000000
92.100000 145.000000 0.000000
91.750000 145.000000 0.000000
91.400000 145.000000 0.000000
91.050000 145.000000 0.000000
90.700000 145.000000 0.000000
90.350000 145.000000 0.000000
90.000000 145.000000 0.000000
89.650000 145.000000 0.000000
89.300000 145.000000 0.000000
88.950000 145.000000 0.000000
88.600000 145.000000 0.000000
88.250000 145.000000 0.000000
87.900000 145.000000 0.000000
87.550000 145.000000 0.000000
87.200000 145.000000 0.000000
86.850000 145.000000 0.000000
86.500000 145.000000 0.000000
86.150000 145.000000 0.000000
85.800000 145.000000 0.000000
85.450000 145.000000 0.000000
85.100000 145.000000 0.000000
84.750000 145.000000 0.000000
84.400000 145.000000 0.000000
84.050000 145.000000 0.000000
83.700000 145.000000 0.000000
83.350000 145.000000 0.000000
83.000000 145.000000 0.000000
83.350000 145.000000 0.000000
83.700000 145.000000 0.000000
84.050000 145.000000 0.000000
84.400000 145.000000 0.000000
84.750000 145.000000 0.000000
85.100000 145.000000 0.000000
85.450000 145.000000 0.000000
85.800000 145.000000 0.000000
86.150000 145.000000 0.000000
86.500000 145.000000 0.000000
86.850000 145.000000 0.000000
87.200000 145.000000 0.000000
87.550000 145.000000 0.000000
87.900000 145.000000 0.000000
88.250000 145.000000 0.000000
88.600000 145.000000 0.000000
88.950000 145.000000 0.000000
89.300000 145.000000 0.000000
89.650000 145.000000 0.000000
90.000000 145.000000 0.000000
90.350000 145.000000 0.000000
90.700000 145.000000 0.000000
91.050000 145.000000 0.000000
91.400000 145.000000 0.000000
91.750000 145.000000 0.000000
92.100000 145.000000 0.000000
92.450000 145.000000 0.000000
92.800000 145.000000 0.000000
93.150000 145.000000 0.000000
93.500000 145.000000 0.000000
93.850000 145.000000 0.000000
94.200000 145.000000 0.000000
94.550000 145.000000 0.000000
94.900000 145.000000 0.000000
95.250000 145.000000 0.000000
95.600000 145.000000 0.000000
95.950000 145.000000 0.000000
96.300000 145.000000 0.000000
96.650000 145.000000 0.000000
97.000000 145.000000 0.000000
97.350000 145.000000 0.000000
97.700000 145.000000 0.000000
98.050000 145.000000 0.000000
98.400000 145.000000 0.000000
98.750000 145.000000 0.000000
99.100000 145.000000 0.000000
99.450000 145.000000 0.000000
99.800000 145.000000 0.000000
100.150000 145.000000 0.000000
100.500000 145.000000 0.000000
100.850000 145.000000 0.000000
101.200000 145.000000 0.000000
101.550000 145.000000 0.000000
101.900000 145.000000 0.000000
102.250000 145.000000 0.000000
102.600000 145.000000 0.000000
102.950000 145.000000 0.000000
103.300000 145.000000 0.000000
103.650000 145.000000 0.000000
104.000000 145.000000 0.000000
104.350000 145.000000 0.000000
104.700000 145.000000 0.000000
105.050000 145.000000 0.000000
105.400000 145.000000 0.000000
105.750000 145.000000 0.000000
106.100000 145.000000 0.000000
106.450000 145.000000 0.000000
106.800000 145.000000 0.000000
107.150000 145.000000 0.000000
107.500000 145.000000 0.000000
107.850000 145.000000 0.000000
108.200000 145.000000 0.000000
108.550000 145.000000 0.000000
108.900000 145.000000 0.000000
109.250000 145.000000 0.000000
109.600000 145.000000 0.000000
109.950000 145.000000 0.000000
110.300000 145.000000 0.000000
110.650000 145.000000 0.000000
111.000000 145.000000 0.000000
111.350000 145.000000 0.000000
111.700000 145.000000 0.000000
112.050000 145.000000 0.000000
112.400000 145.000000 0.000000
112.750000 145.000000 0.000000
113.100000 145.000000 0.000000
113.450000 145.000000 0.000000
113.800000 145.000000 0.000000
114.150000 145.000000 0.000000
114.500000 145.000000 0.000000
114.850000 145.000000 0.000000
115.200000 145.000000 0.000000
115.550000 145.000000 0.000000
115.900000 145.000000 0.000000
116.250000 145.000000 0.000000
116.600000 145.000000 0.000000
116.950000 145.000000 0.000000
117.300000 145.000000 0.000000
117.650000 145.000000 0.000000
118.000000 145.000000 0.000000
118.350000 145.000000 0.000000
118.700000 145.000000 0.000000
119.050000 145.000000 0.000000
119.400000 145.000000 0.000000
119.750000 145.000000 0.000000
120.100000 145.000000 0.000000
120.450000 145.000000 0.000000
120.800000 145.000000 0.000000
121.150000 145.000000 0.000000
121.500000 145.000000 0.000000
121.850000 145.000000 0.000000
122.200000 145.000000 0.000000
122.550000 145.000000 0.000000
122.900000 145.000000 0.000000
123.250000 145.000000 0.000000
123.600000 145.000000 0.000000
123.950000 145.000000 0.000000
124.300000 145.000000 0.000000
124.650000 145.000000 0.000000
125.000000 145.000000 0.000000
125.350000 145.000000 0.000000
125.700000 145.000000 0.000000
126.050000 145.000000 0.000000
126.400000 145.000000 0.000000
126.750000 145.000000 0.000000
127.100000 145.000000 0.000000
127.450000 145.000000 0.000000
127.800000 145.000000 0.000000
128.150000 145.000000 0.000000
128.500000 145.000000 0.000000
128.850000 145.000000 0.000000
129.200000 145.000000 0.000000
129.550000 145.000000 0.000000
129.900000 145.000000 0.000000
130.250000 145.000000 0.000000
130.600000 145.000000 0.000000
130.950000 145.000000 0.000000
131.300000 145.000000 0.000000
131.650000 145.000000 0.000000
132.000000 145.000000 0.000000
132.350000 145.000000 0.000000
132.700000 145.000000 0.000000
133.050000 145.000000 0.000000
133.400000 145.000000 0.000000
133.750000 145.000000 0.000000
134.100000 145.000000 0.000000
134.450000 145.000000 0.000000
134.800000 145.000000 0.000000
135.150000 145.000000 0.000000
135.500000 145.000000 0.000000
135.850000 145.000000 0.000000
136.200000 145.000000 0.000000
136.550000 145.000000 0.000000
136.900000 145.000000 0.000000
137.250000 145.000000 0.000000
137.600000 145.000000 0.000000
137.950000 145.000000 0.000000
138.300000 145.000000 0.000000
138.650000 145.000000 0.000000
139.000000 145.000000 0.000000
139.350000 145.000000 0.000000
139.700000 145.000000 0.000000
140.050000 145.000000 0.000000
140.400000 145.000000 0.000000
140.750000 145.000000 0.000000
141.100000 145.000000 0.000000
141.450000 145.000000 0.000000
141.800000 145.000000 0.000000
142.150000 145.000000 0.000000
142.500000 145.000000 0.000000
142.850000 145.000000 0.000000
143.200000 145.000000 0.000000
143.550000 145.000000 0.000000
143.900000 145.000000 0.000000
144.250000 145.000000 0.000000
144.600000 145.000000 0.000000
144.950000 145.000000 0.000000
145.300000 145.000000 0.000000
145.650000 145.000000 0.000000
146.000000 145.000000 0.000000
146.350000 145.000000 0.000000
146.700000 145.000000 0.000000
147.050000 145.000000 0.000000
147.400000 145.000000 0.000000
147.750000 145.000000 0.000000
148.100000 145.000000 0.000000
148.450000 145.000000 0.000000
148.800000 145.000000 0.000000
149.150000 145.000000 0.000000
149.500000 145.000000 0.000000
149.850000 145.000000 0.000000
150.200000 145.000000 0.000000
150.550000 145.000000 0.000000
150.900000 145.000000 0.000000
151.250000 145.000000 0.000000
151.600000 145.000000 0.000000
151.950000 145.000000 0.000000
152.300000 145.000000 0.000000
152.650000 145.000000 0.000000
153.000000 145.000000 0.000000
153.418793 144.992691 0.000000
153.837082 144.970764 0.000000
154.254349 144.934265 0.000000
154.670074 144.883209 0.000000
155.083771 144.817688 0.000000
155.494934 144.737778 0.000000
155.903061 144.643555 0.000000
156.307648 144.535141 0.000000
156.708206 144.412674 0.000000
157.104248 144.276306 0.000000
157.495285 144.126205 0.000000
157.880844 143.962540 0.000000
158.260452 143.785522 0.000000
158.633652 143.595367 0.000000
159.000000 143.392303 0.000000
159.359024 143.176575 0.000000
159.710312 142.948456 0.000000
160.053421 142.708206 0.000000
160.387939 142.456131 0.000000
160.713455 142.192535 0.000000
161.029572 141.917740 0.000000
161.335907 141.632080 0.000000
161.632080 141.335907 0.000000
161.917740 141.029572 0.000000
162.192535 140.713455 0.000000
162.456131 140.387939 0.000000
162.708206 140.053421 0.000000
162.948456 139.710312 0.000000
163.176575 139.359024 0.000000
163.392303 139.000000 0.000000
163.595367 138.633652 0.000000
163.785522 138.260452 0.000000
163.962540 137.880844 0.000000
164.126205 137.495285 0.000000
164.276306 137.104248 0.000000
164.412674 136.708206 0.000000
164.535141 136.307648 0.000000
164.643555 135.903061 0.000000
164.737778 135.494934 0.000000
164.817688 135.083771 0.000000
164.883209 134.670074 0.000000
164.934265 134.254349 0.000000
164.970764 133.837082 0.000000
164.992691 133.418793 0.000000
165.000000 133.000000 0.000000
165.000000 132.650000 0.000000
165.000000 132.300000 0.000000
165.000000 131.950000 0.000000
165.000000 131.600000 0.000000
165.000000 131.250000 0.000000
165.000000 130.900000 0.000000
165.000000 130.550000 0.000000
165.000000 130.200000 0.000000
165.000000 129.850000 0.000000
165.000000 129.500000 0.000000
165.000000 129.150000 0.000000
165.000000 128.800000 0.000000
165.000000 128.450000 0.000000
165.000000 128.100000 0.000000
165.000000 127.750000 0.000000
165.000000 127.400000 0.000000
165.000000 127.050000 0.000000
165.000000 126.700000 0.000000
165.000000 126.350000 0.000000
165.000000 126.000000 0.000000
165.000000 125.650000 0.000000
165.000000 125.300000 0.000000
165.000000 124.950000 0.000000
165.000000 124.600000 0.000000
165.000000 124.250000 0.000000
165.000000 123.900000 0.000000
165.000000 123.550000 0.000000
165.000000 123.200000 0.000000
165.000000 122.850000 0.000000
165.000000 122.500000 0.000000
165.000000 122.150000 0.000000
165.000000 121.800000 0.000000
165.000000 121.450000 0.000000
165.000000 121.100000 0.000000
165.000000 120.750000 0.000000
165.000000 120.400000 0.000000
165.000000 120.050000 0.000000
165.000000 119.700000 0.000000
165.000000 119.350000 0.000000
165.000000 119.000000 0.000000
165.000000 118.650000 0.000000
165.000000 118.300000 0.000000
165.000000 117.950000 0.000000
165.000000 117.600000 0.000000
165.000000 117.250000 0.000000
165.000000 116.900000 0.000000
165.000000 116.550000 0.000000
165.000000 116.200000 0.000000
165.000000 115.850000 0.000000
165.000000 115.500000 0.000000
165.000000 115.150000 0.000000
165.000000 114.800000 0.000000
165.000000 114.450000 0.000000
165.000000 114.100000 0.000000
165.000000 113.750000 0.000000
165.000000 113.400000 0.000000
165.000000 113.050000 0.000000
165.000000 112.700000 0.000000
165.000000 112.350000 0.000000
165.000000 112.000000 0.000000
165.007309 111.581207 0.000000
165.029236 111.162926 0.000000
165.065735 110.745659 0.000000
165.116791 110.329926 0.000000
165.182312 109.916222 0.000000
165.262222 109.505058 0.000000
165.356445 109.096939 0.000000
165.464859 108.692352 0.000000
165.587326 108.291794 0.000000
165.723694 107.895760 0.000000
165.873795 107.504723 0.000000
166.037460 107.119164 0.000000
166.214478 106.739548 0.000000
166.404633 106.366341 0.000000
166.607697 106.000000 0.000000
166.823425 105.640968 0.000000
167.051544 105.289688 0.000000
167.291794 104.946579 0.000000
167.543869 104.612061 0.000000
167.807465 104.286552 0.000000
168.082260 103.970436 0.000000
168.367920 103.664101 0.000000
168.664093 103.367920 0.000000
168.970428 103.082260 0.000000
169.286545 102.807465 0.000000
169.612061 102.543869 0.000000
169.946579 102.291794 0.000000
170.289688 102.051552 0.000000
170.640976 101.823425 0.000000
171.000000 101.607697 0.000000
171.366348 101.404633 0.000000
171.739548 101.214470 0.000000
172.119156 101.037453 0.000000
172.504715 100.873795 0.000000
172.895752 100.723686 0.000000
173.291794 100.587318 0.000000
173.692352 100.464859 0.000000
174.096939 100.356453 0.000000
174.505066 100.262230 0.000000
174.916229 100.182304 0.000000
175.329926 100.116783 0.000000
175.745651 100.065735 0.000000
176.162918 100.029228 0.000000
176.581207 100.007309 0.000000
177.000000 100.000000 0.000000
177.350000 100.000000 0.000000
177.700000 100.000000 0.000000
178.050000 100.000000 0.000000
178.400000 100.000000 0.000000
178.750000 100.000000 0.000000
179.100000 100.000000 0.000000
179.450000 100.000000 0.000000
179.800000 100.000000 0.000000
180.150000 100.000000 0.000000
180.500000 100.000000 0.000000
180.850000 100.000000 0.000000
181.200000 100.000000 0.000000
181.550000 100.000000 0.000000
181.900000 100.000000 0.000000
182.250000 100.000000 0.000000
182.600000 100.000000 0.000000
182.950000 100.000000 0.000000
183.300000 100.000000 0.000000
183.650000 100.000000 0.000000
184.000000 100.000000 0.000000
184.350000 100.000000 0.000000
184.700000 100.000000 0.000000
185.050000 100.000000 0.000000
185.400000 100.000000 0.000000
185.750000 100.000000 0.000000
186.100000 100.000000 0.000000
186.450000 100.000000 0.000000
186.800000 100.000000 0.000000
187.150000 100.000000 0.000000
187.500000 100.000000 0.000000
187.850000 100.000000 0.000000
188.200000 100.000000 0.000000
188.550000 100.000000 0.000000
188.900000 100.000000 0.000000
189.250000 100.000000 0.000000
189.600000 100.000000 0.000000
189.950000 100.000000 0.000000
190.300000 100.000000 0.000000
190.650000 100.000000 0.000000
191.000000 100.000000 0.000000
191.350000 100.000000 0.000000
191.700000 100.000000 0.000000
192.050000 100.000000 0.000000
192.400000 100.000000 0.000000
192.750000 100.000000 0.000000
193.100000 100.000000 0.000000
193.450000 100.000000 0.000000
193.800000 100.000000 0.000000
194.150000 100.000000 0.000000
194.500000 100.000000 0.000000
194.850000 100.000000 0.000000
195.200000 100.000000 0.000000
195.550000 100.000000 0.000000
195.900000 100.000000 0.000000
196.250000 100.000000 0.000000
196.600000 100.000000 0.000000
196.950000 100.000000 0.000000
197.300000 100.000000 0.000000
197.650000 100.000000 0.000000
198.000000 100.000000 0.000000
198.350000 100.000000 0.000000
198.700000 100.000000 0.000000
199.050000 100.000000 0.000000
199.400000 100.000000 0.000000
199.750000 100.000000 0.000000